url,title,description,price,area,address,Mã tin,Hướng,Phòng ăn,Loại tin,Đường trước nhà,Nhà bếp,Loại BDS,Pháp lý,Sân thượng,Chiều ngang,Số lầu,Chổ để xe hơi,Chiều dài,Số phòng ngủ,Chính chủ,Thuộc dự án
https://alonhadat.com.vn/kinh-doanh-truc-chinh-duong-hcm-2-mat-duong-125m-gia-1-65-ty-10537596.html,KINH DOANH TRỤC CHÍNH ĐƯỜNG HCM – 2 MẶT ĐƯỜNG 125M GIÁ 1.65 TỶ,"Gia đình Cần tiền bán gấp lô đất cực đẹp ở Nam Phương Tiến với những thông số
+ Diện tích 125M
+ Mặt tiền 5M 
Lô đất cực đẹp khách mua có thể xây ở hoặc kinh doanh, tương lai phát triển, khả năng sinh lời cao vị trí gần nhiều tiện ích. 
Trước lô đất sạch sẽ thoáng mát. Ô tô tránh nhau, giao thông thuận tiện thông các ngả 2 mặt đường cực kỳ đẹp
Khu vực dân trí cao an ninh đảm bảo, xung quanh rất nhiều tiện ích, chợ, trường học các cấp. khu vực cực kỳ hiếm
+ Sổ đỏ chính chủ, pháp lý rõ ràng.
+ Giá bán 2.65tỷ  có ra lộc.
Tôi còn rất nhiều các động sản khác trong các phân khúc:
Từ 1 tỷ đến 3 tỷ.
Từ 3 tỷ đến 6 tỷ.
Từ 6 tỷ đến 10 tỷ.
Và từ 10 tỷ trở lên.
Quý khách quan tâm liên hệ Kiều Vũ chuyên gia môi giới đất thổ cư Hà Nội.
Tư vấn miễn phí.
Hỗ trợ pháp lý.
Hỗ trợ đàm phán giá.
Hỗ trợ tài chính vay vốn ngân hàng.
Xin cảm ơn!","1,65 tỷ",125 m2,"Đường Hồ Chí Minh, Xã Nam Phương Tiến, Huyện Chương Mỹ, Hà Nội",10537596,_,---,Cần bán,14m,---,"Đất thổ cư, đất ở",---,---,---,---,---,---,---,---,
https://alonhadat.com.vn/chua-den-3-ty-ban-nha-khu-tdc-tu-hiep-thanh-tri-35m-x-5-tang-oto-5-ta-do-cua-11792638.html,"Chưa đến 3 tỷ, bán nhà Khu TDC Tứ Hiệp, Thanh Trì , 35m x 5 tầng, oto 5 tạ đỗ cửa","- Vị trí: 
+ Ngay trung tâm Tứ Hiệp, khu dân cư đông đúc, sầm uất. Cạnh khu TĐC Tứ Hiệp, Khu đấu giá Tứ Hiệp.
+ Tiện ích gần, 300m ra trường cấp 2 Chu Văn An, trường cấp 1, mầm non Ngô Sỹ Kiện.
+ Vài phút ra khu hành chính Thanh Trì.
- Nhà chủ xây đóng cọc kiên cố thiết kế tinh sảo, hợp lý, diện tích 31m2 nhưng xây 35m từ tầng 2. Thiết kế 5 tầng gồm:  
+ Tầng 1: Khu để xe, phòng ăn, bếp, vệ sinh
+ Tầng 2 +3+4: 3 phòng ngủ rộng và khu vệ sinh.
+ Tầng 5 : phòng thờ và sân phơi + vườn tiểu cảnh.
+ Đầy đủ công năng cho hộ gia đình.
- Sổ đỏ pháp lý chuẩn, sổ chủ cất két, chủ thiện chí bán.
- Giá: 2.98 tỷ
Liên hệ em Hiếu để được tư vấn và xem nhà.","2,98 tỷ",35 m2,"Đường Cổ Điển A, Xã Tứ Hiệp, Huyện Thanh Trì, Hà Nội",11792638,_,---,Cần bán,2m,---,Nhà trong hẻm,---,---,4m,5,---,8m,3,---,
https://alonhadat.com.vn/ban-manh-dat-67m-vu-lang-ngu-hiep-oto-tranh-kinh-doanh-doc-nhat-gia-tieu-hoc-12268200.html,"Bán Mảnh Đất 67M Vũ Lăng, Ngũ Hiệp Ôtô Tránh, Kinh Doanh Độc Nhất Giá Tiểu Học","HIẾM - MẶT PHỐ KINH DOANH - ÍT CẠNH TRANH - MẢNH ĐẤT LỘC - SỔ NỞ HẬU.
+ Cách trung tâm hành chính Thanh Trì chỉ khoảng 10p, Nằm khu sầm uất nhất Ngũ Hiệp, cạnh chợ, trường học dân cư đi lại tấp nập.
+ Đường trước nhà Ôtô Tải tránh lượn vòng quanh, khu vực ít nhà kinh doanh, nếu mở tiệm thì sẽ gần như là độc nhất phố.
+ Khu vực sắp tới QH mở đường, thông sang các tuyến phố lớn, giờ đầu tư chắc chắn sẽ lời.
+ Diện tích rộng, sổ đỏ nở hậu, pháp lý chuẩn.
+ Giá khách đàm phán trực tiếp với chủ nhà, tạm thời chào: 5tỷ3.
 Tư vấn mua bán BĐS Thanh Trì: Gọi Ngay Hiếu để được biết thêm chi tiết.","5,3 tỷ",67 m2,"Xã Ngũ Hiệp, Huyện Thanh Trì, Hà Nội",12268200,_,---,Cần bán,6m,---,"Đất thổ cư, đất ở",Sổ hồng/ Sổ đỏ,---,"3,5m",---,True,---,---,---,
https://alonhadat.com.vn/ban-gap-nha-gan-pho-ngoc-hoi-bxe-nuoc-ngam-36m-x-3t-lh-ngay-097xxx-11809649.html,"Bán gấp nhà gần phố Ngọc Hồi, Bxe nước Ngầm, 36m x 3T, LH ngay 097xxx","- Trước nhà ngõ xe máy tránh, 50m ra mặt phố Ngọc Hồi.
- Nhà hai mặt thoáng trước sau, các phòng đều rất thoáng mát.
- Nhà xây 3 tầng còn rất mới, khách mua về ở luôn không phải sửa sang gì.
- Thiết kế:
+ Tầng 1: phòng khách, bếp, chỗ để xe.
+ Tầng 2+3: tổng 3 phòng ngủ rộng thoáng, vệ sinh và cầu thang giữa.
- Sổ đỏ cất két, sẵn sàng giao dịch
- Giá: 3.6 tỷ
Liên hệ em Hiếu để được tư vấn và đi xem nhà.","3,6 tỷ",36 m2,"Đường Ngọc Hồi, Phường Hoàng Liệt, Quận Hoàng Mai, Hà Nội",11809649,Nam,---,Cần bán,2m,---,Nhà trong hẻm,Sổ hồng/ Sổ đỏ,---,"3,1m",3,---,12m,4,---,
https://alonhadat.com.vn/4-5ty-nha-bo-de-4tang-45m2-oto-vao-nha-canh-ho-13534218.html,4.5TY NHÀ BỒ ĐỀ 4TẦNG 45M2 OTO VÀO NHÀ CẠNH HỒ,"- #NHÀ_THẬT_THÔNG_TIN_THẬT
- HIẾM 4.5Tỷ - NHÀ 4TẦNG 45M2 #PHỐ_BỒ #ĐỀ #LONG_BIÊN - ĐƯỜNG RỘNG OTO TRÁNH - OTO VÀO NHÀ - NGAY GẦN HỒ BỒ ĐỀ
-  NHÀ DÂN XÂY CHẮC CHẮN - KO LỖI PHONG THUỶ 
-  “ PHẢI THẬT NHANH - CHẬM LÀ MẤT LƯỢT “
- Nhà đẹp chủ xây tâm huyết chắc chắn để ở
nay có điều kiện bán đi mua nhà to hơn 
- Giá bán 4.5 tỷ còn thương lượng
- Pháp lý sổ đỏ chính chủ Sẵn sàng giao dịch. 
- Lh ngay: Mr SANG  - để đi xem nhà ngay kẻo lỡ cơ hội có 102 này.","4,5 tỷ",45 m2,"Phố Bồ Đề, Phường Bồ Đề, Quận Long Biên, Hà Nội",13534218,Nam,---,Cần bán,6m,---,Nhà mặt tiền,Sổ hồng/ Sổ đỏ,---,4m,4,---,---,4,---,
https://alonhadat.com.vn/3ty-nha-thanh-am-4pn-45m2-ngo-oto-tranh-13650218.html,3TỶ NHÀ THANH AM 4PN 45M2 NGÕ OTO TRÁNH,"-  3TỶ - 45M2 , NHÀ ĐẸP 5TẦNG 4PN PHỐ #THANH_AM, GẦN CHỢ, CÔNG VIÊN, NGÕ Ô TÔ TRÁNH.

- Lh ngay Mr SANG 
- Giá rẻ nhất KV, có thương lượng, 

- Vị trí trung tâm #PHỐ_THANH_AM NGÔ GIA TỰ , gần Chợ, gần Trường, gần Đường 40m, công viên, ngõ thông các ngả, ô tô tránh, Đi các phố #NGÔ_GIA_TỰ
- Chủ nhà Anh Sơn xây chắc chắn vô cùng, đầy đủ công năng sử dụng, tặng nội thất cơ bản .
- Sổ đỏ vuông đẹp, giao dịch ngay",3 tỷ,45 m2,"Đường Thanh Am, Phường Thượng Thanh, Quận Long Biên, Hà Nội",13650218,_,---,Cần bán,5m,---,Nhà trong hẻm,Sổ hồng/ Sổ đỏ,---,---,5,---,---,4,---,
https://alonhadat.com.vn/hiem-4ty-nha-4tang-50m2-pho-tram-long-bien-duong-rong-oto-do-cua-13610595.html,HIẾM 4TỶ  NHÀ 4TẦNG 50M2 PHỐ TRẠM LONG_BIÊN -ĐƯỜNG_RỘNG OTO ĐỖ CỬA,"- HIẾM 4TỶ - NHÀ 4TẦNG 50M2 PHỐ #TRẠM #LONG_BIÊN - #ĐƯỜNG_RỘNG OTO ĐỖ CỬA
- NHÀ DÂN XÂY CHẮC CHẮN - OTO ĐỖ CỬA - GẦN OTO TRÁNH
- THÔNG TIN NHÀ CHUẨN TỪNG CENTIMET - ẢNH THẬT
- KO LỖI PHONG THUỶ - QUY HOẠCH
- “ PHẢI THẬT NHANH - CHẬM LÀ MẤT LƯỢT “
- Nhà đẹp chủ nhà Anh QUÂN xây tâm huyết chắc chắn để ở 4PN nay có điều kiện bán đi mua nhà to hơn
- Giá bán 4TỈ @ còn thương lượng
- Pháp lý sổ đỏ chính chủ Sẵn sàng giao dịch.
- Lh ngay: Mr SANG - để đi xem nhà ngay kẻo lỡ cơ hội có 102 này.",4 tỷ,50 m2,"Phố Trạm, Phường Long Biên, Quận Long Biên, Hà Nội",13610595,Đông,---,Cần bán,5m,---,Nhà trong hẻm,Sổ hồng/ Sổ đỏ,---,---,4,---,---,4,---,
https://alonhadat.com.vn/nhinh-4ty-nha-pho-bo-de-43m2oto-tranh-vao-nha-kinh-doanh-13612737.html,NHỈNH 4TY NHÀ PHỐ BỒ ĐỀ 43M2OTO TRÁNH VÀO NHÀ KINH DOANH,"- RẺ NHẤT #PHỐ_BỒ_ĐỀ NHÀ DÂN XÂY MẶT NGÕ ĐƯỜNG RỘNG OTO TRÁNH VÀO NHÀ - KINH DOANH ĐA NGÀNH 
-  DIỆN TÍCH 43M2 NHÀ 4TẦNG MT 4
- THIẾT KẾ 4PN 
- GIÁ BÁN GẤP - GIÁ CÔNG KHAI 4TỈ 25 
- KHÁCH THIỆN CHÍ CÒN THƯƠNG LƯỢNG TIẾP.
- VỊ TRÍ TRUNG TÂM PHƯỜNG BỒ ĐỀ - TIỆN ÍCH KHÔNG THIẾU THỨ GÌ. 3 BƯỚC RA HỒ
- KHU VỰC THAY DA ĐỔI THỊT TỪNG NGÀY.
- SỔ ĐỎ CHÍNH CHỦ - PHÁP LÝ CHUẨN.
- HỖ TRỢ VAY NGÂN HÀNG 80%.
- LIÊN HỆ MR SANG  LÀM VIỆC TRỰC TIẾP VỚI CHỦ NHÀ 24/24.","4,2 tỷ",43 m2,"Phố Bồ Đề, Phường Bồ Đề, Quận Long Biên, Hà Nội",13612737,Tây,---,Cần bán,5m,---,Nhà trong hẻm,Sổ hồng/ Sổ đỏ,---,4m,4,---,---,4,---,
https://alonhadat.com.vn/gia-soc-3-8-ty-nha-bo-de-45m2-6pn-chu-dang-cho-thue-13tr-thang-13615870.html,GIÁ SỐC 3.8 TỶ NHÀ BỒ ĐỀ 45M2 6PN CHỦ ĐANG CHO THUÊ 13TR/THÁNG,"- GIÁ_SỐC - #PHẢI_THẬT_NHANH
-  HIẾM 3.8Tỷ - NHÀ 5TẦNG 46M2 #PHỐ_BỒ #ĐỀ #LONG_BIÊN - ĐƯỜNG RỘNG GẦN OTO  - 6PN
-  NHÀ DÂN XÂY CHẮC CHẮN - KO LỖI PHONG THUỶ
-  “ PHẢI THẬT NHANH - CHẬM LÀ MẤT LƯỢT “
-  Nhà đẹp chủ xây tâm huyết chắc chắn để ở nay có điều kiện bán đi mua nhà to hơn
- HIỆN TẠI CHỦ ĐANG CHO THUÊ 13TR/THÁNG 
- Giá bán 3.8 tỷ còn thương lượng
- Pháp lý sổ đỏ chính chủ Sẵn sàng giao dịch.
- Lh ngay: Mr SANG   - để đi xem nhà ngay kẻo lỡ cơ hội có 102 này.","3,8 tỷ",45 m2,"Phố Bồ Đề, Phường Bồ Đề, Quận Long Biên, Hà Nội",13615870,Nam,---,Cần bán,5m,---,Nhà trong hẻm,Sổ hồng/ Sổ đỏ,---,4m,5,---,11m,6,---,
https://alonhadat.com.vn/nha-2-tang-pho-thanh-am-85m2-via-he-oto-tranh-4-4ty-13650261.html,NHÀ 2 TẦNG PHỐ THANH AM 85M2 VỈA HÈ OTO TRÁNH 4.4TỶ,"- RẺ NHẤT #PHỐ_THANH_AM. 4,4TỶ 85M2 ĐẤT PHÂN LÔ  - ĐƯỜNG RỘNG 2 OTO TRÁNH - 
-  MT VÀ HẬU 5.3M - KO LỖI PHONG THUỶ - TẶNG NHÀ 2TẦNG
-  Đường Rộng 13M có vỉa hè ,hình ảnh dưới bài viết 
-  Vị trí trung tâm Khu dân cư  cán bộ hưu trí , an ninh tốt 
-  Pháp lý  đang làm sổ mua bán vi bằng
-  Giá bán 4.4 tỷ 
- Hẹn xem nhà Mr Sang","4,4 tỷ",85 m2,"Đường Thanh Am, Phường Thượng Thanh, Quận Long Biên, Hà Nội",13650261,Nam,---,Cần bán,13m,---,Nhà trong hẻm,Sổ hồng/ Sổ đỏ,---,5m,2,---,---,2,---,
https://alonhadat.com.vn/2-8ty-nha-ngoc-thuy-dan-xay-50m2-oto-qua-nha-13677645.html,2.8TỶ NHÀ NGỌC THỤY DÂN XÂY 50M2 OTO QUA NHÀ,"- BÁN GẤP 2.8TỶ - NHÀ 4TẦNG 50M2 PHỐ #NGỌC_THUỴ #LONG_BIÊN - #ĐƯỜNG_RỘNG OTO ĐỖ CỬA
-  NHÀ DÂN XÂY CHẮC CHẮN - OTO ĐỖ CỬA - THIẾT KẾ 4PN
-  THÔNG TIN NHÀ CHUẨN TỪNG CENTIMET - ẢNH THẬT 
-  KO LỖI PHONG THUỶ - QUY HOẠCH 
-  “ PHẢI THẬT NHANH - CHẬM LÀ MẤT LƯỢT “
- Giá bán 2.8TỶ còn thương lượng
-Pháp lý sổ đỏ chính chủ Sẵn sàng giao dịch. 
- Lh ngay: Mr SANG  - để đi xem nhà ngay kẻo lỡ cơ hội có 102 này.","2,8 tỷ",50 m2,"Đường Ngọc Thụy, Phường Ngọc Thụy, Quận Long Biên, Hà Nội",13677645,Nam,---,Cần bán,5m,---,Nhà trong hẻm,Sổ hồng/ Sổ đỏ,---,5m,4,---,---,4,---,
https://alonhadat.com.vn/ban-nha-mat-pho-ham-long-quan-hoan-kiem-60m2-x-6-tang-dang-duoc-thue-dong-tien-cao--13420384.html,"Bán nhà mặt phố Hàm Long, quận Hoàn Kiếm,  60m2  x 6 tầng, đang được thuê dòng tiền cao.","Bán nhà mặt phố Hàm Long, quận Hoàn Kiếm, Hà Nội. Vị trí rất đẹp, gần phố Huế,  đang được cho thuê có dòng tiền ổn định cao. 
Diện tích = 60m2 x 6 tầng, mặt tiền rộng, nở hậu.
Nhà được xây 6 tầng với đầy đủ công năng gồm có mặt bằng kinh doanh, phòng thờ, 1 phòng khách rộng, 1 phòng bếp, 8 phòng ngủ.   
Nội thất, các trang thiết bị điện, điều hòa, nóng lạnh đầy đủ chất lượng tốt. 
Sổ đỏ chính chủ, pháp lý rõ ràng sẵn sàng giao dịch
Giá chào bán chính chủ 39,8 tỷ (có thương lượng với khách thiện chí)
Quý vị quan tâm vui lòng liên hệ ngay để biết thêm thông tin:
Anh  Ngô Đức Thắng  
Chuyên nhà mặt phố quận Hoàn Kiếm
Tư vấn tối ưu nhu cầu, lợi ích cho khách hàng
Hỗ trợ miễn phí các thủ tục pháp lý nhanh chóng, hiệu quả","39,8 tỷ",60 m2,"Phố Hàm Long, Phường Hàng Bài, Quận Hoàn Kiếm, Hà Nội",13420384,_,True,Cần bán,15m,True,Nhà mặt tiền,Sổ hồng/ Sổ đỏ,True,4m,6,True,15m,8,---,
https://alonhadat.com.vn/ban-toa-nha-van-phong-quan-tay-ho-duong-lac-long-quan-226m2-x-10-tang-thong-san-mt11m-13169372.html,"Bán tòa nhà văn phòng quận Tây Hồ, đường Lạc Long Quân, 226m2 x 10 tầng thông sàn, MT11m","Bán tòa nhà văn phòng đường Lạc Long quân, quận Tây Hồ,  Hà Nội. Tòa nhà nằm ở vị trí rất đẹp, 2 mặt thoáng, thuận lợi cho việc làm văn phòng Công ty, kinh doanh, cho thuê.    
Diện tích mặt bằng đất trên sổ đỏ = 226m2, diện tích  xây dựng = 226m2 x 10 tầng, mặt tiền = 11m 
Thiết kế xây dựng đẹp, hiện đại, tòa nhà được xây dựng 8 tầng nổi thông sàn + 2 tầng hầm. 
Nội thất, các trang thiết bị điện, điều hòa Daikin âm trần chất lượng cao cấp
Thang máynhập khẩu châu âu
Hệ thống camera an ninh thông minh
Hệ thống PCCC đảm bảo theo quy định của Nhà nước.
Sổ đỏ chính chủ, pháp lý rõ ràng sẵn sàng giao dịch
Giá chào bán chính chủ 85 tỷ (có thương lượng với khách thiện chí)
Quý vị quan tâm vui lòng liên hệ ngay để biết thêm thông tin:
Anh  Ngô Đức Thắng  
Chuyên tòa nhà văn phòng quận Tây Hồ
Tư vấn tối ưu nhu cầu, lợi ích cho khách hàng
Hỗ trợ miễn phí các thủ tục pháp lý nhanh chóng, hiệu quả",85 tỷ,226 m2,"Đường Lạc Long Quân, Phường Xuân La, Quận Tây Hồ, Hà Nội",13169372,_,---,Cần bán,10m,---,Văn phòng,Sổ hồng/ Sổ đỏ,True,11m,10,True,20m,10,---,
https://alonhadat.com.vn/ban-nha-mat-pho-trich-sai-quan-tay-ho-139m-x-6-tang-dep-hien-dai-mt10m-dong-tien-cao-13097931.html,"Bán nhà mặt phố Trích Sài, quận Tây Hồ,  139m x 6 tầng đẹp, hiện đại, MT10m, dòng tiền cao","Bán nhà mặt phố Trích Sài,  Quận Tây Hồ, Hà Nội. Vị trí rất đẹp,2 mặt thoáng,  view Hồ Tây,  thuận lợi kinh doanh, đang cho thuê dòng tiền ổn định 129 tr/tháng
Diện tích = 139m2 x 6 tầng,  mặt tiền 6m
Thiết kế xây dựng đẹp, hiện đại 6 tầng đầy đủ công năng phù hợp ở và kinh doanh nhà hàng.
Nội thất, các trang thiết bị điện, điều hòa daikin âm trần, nóng lạnh chất lượng cao
Thang máy chất lượng ngoại nhập
hệ thống camera an ninh thông minh.
Sổ đỏ chính chủ, pháp lý rõ ràng sẵn sàng giao dịch
Giá chào bán chính chủ 72tỷ (có thương lượng với khách thiện chí)
Quý vị quan tâm vui lòng liên hệ ngay để biết thêm thông tin:
Anh Ngô Đức Thắng  
Chuyên nhà mặt phố quận Tây Hồ
Tư vấn tối ưu nhu cầu, lợi ích cho khách hàng
Hỗ trợ miễn phí các thủ tục pháp lý nhanh chóng, hiệu quả",72 tỷ,139 m2,"Phố Trích Sài, Phường Bưởi, Quận Tây Hồ, Hà Nội",13097931,_,True,Cần bán,10m,True,Nhà mặt tiền,Sổ hồng/ Sổ đỏ,True,10m,6,True,"13,9m",10,---,
https://alonhadat.com.vn/biet-thu-phap-co-ha-noi-mat-pho-ngo-thi-nham-239m2-x-3-tang-mat-tien-12m-vi-tri-dep--12794667.html,"Biệt thự Pháp cổ Hà Nội, mặt phố Ngô Thì Nhậm, 239m2 x 3 tầng, mặt tiền 12m, vị trí đẹp.","Bán biệt thự Pháp cổ Hà Nội, nhà mặt phố Ngô Thì Nhậm, quận Hai Bà Trưng. Vị trí  đẹp.
Biệt thự cấp 3 không thuộc diện bảo tồn nên được phép sang sửa, đập đi xây mới.
Diện tích mặt bằng đất trên sổ đỏ = 239m2, diện tích xây dựng = 208m2 x 3 tầng, mặt tiền = 12m.
Nội thất, các trang thiết bị điện, điều hòa, nóng lạnh đầy đủ.
Sổ đỏ chính chủ, pháp lý rõ ràng.
Giá chào bán chính chủ 125 tỷ (có thương lượng với khách thiện chí)câ
Quý vị quan tâm vui lòng liên hệ ngay để biết thêm thông tin:
Anh  Ngô Đức Thắng      
Chuyên biệt thự Pháp cổ Hà Nội
Tư vấn tối ưu nhu cầu, lợi ích cho khách hàng
Hỗ trợ miễn phí các thủ tục pháp lý nhanh chóng, hiệu quả",125 tỷ,239 m2,"Đường Ngô Thì Nhậm, Phường Ngô Thì Nhậm, Quận Hai Bà Trưng, Hà Nội",12794667,_,True,Cần bán,30m,True,"Biệt thự, nhà liền kề",---,True,12m,3,True,20m,12,---,
https://alonhadat.com.vn/ban-khach-san-mat-pho-quan-hoan-kiem-129m2-x-10-tang-dep-hien-dai-vi-tri-trung-tam--12820998.html,"Bán khách sạn mặt phố quận Hoàn Kiếm, 129m2 x 10 tầng, đẹp, hiện đại, vị trí trung tâm,","bán khách sạn mặt phố Phan Chu Trinh, quận Hoàn Kiếm, Hà Nội. Vị trí rất đẹp, mặt phố cổ trung tâm, gần tuyến phố đi bộ, thuận lợi cho việc khách lưu trú thăm quan du lịch quanh khu vực Hồ Hoàn Kiếm. Dòng tiền rất cao.    
Diện tích = 129m2 x 10 tầng, mặt tiền rộng, nở hậu.
Thiết kế xây dựng đẹp, hiện đại, tòa khách sạn được xây dựng 10 tầng  với đầy đủ công năng đạt tiêu chuẩn  khách sạn cao cấp. 
Nội thất, các trang thiết bị điện, điều hòa Daikin âm trần, hệ thống camera an ninh,  thang máy ngoại nhập,
Hệ thống phòng cháy chữa cháy đảm bảo theo quy định của Nhà nước.
Sổ đỏ chính chủ, pháp lý rõ ràng sẵn sàng giao dịch
Giá chào bán 123 tỷ (có thương lượng với khách thiện chí)
Quý vị quan tâm vui lòng liên hệ ngay để biết thêm thông tin:
Anh  Ngô Đức Thắng       
Chuyên tòa nhà khách sạn quận Hoàn Kiếm
Tư vấn tối ưu nhu cầu, lợi ích cho khách hàng
Hỗ trợ miễn phí các thủ tục pháp lý nhanh chóng, hiệu quả",123 tỷ,129 m2,"Phố Phan Chu Trinh, Phường Phan Chu Trinh, Quận Hoàn Kiếm, Hà Nội",12820998,_,---,Cần bán,28m,---,"Nhà hàng, khách sạn",Sổ hồng/ Sổ đỏ,---,6m,10,---,"21,8m",36,---,
https://alonhadat.com.vn/ban-nha-quan-hoan-kiem-mat-pho-tran-hung-dao-169m2-x-8-tang-thong-san-3-mat-thoang--12821105.html,"Bán nhà quận Hoàn Kiếm, mặt phố Trần Hưng Đạo, 169m2 x 8 tầng thông sàn, 3 mặt thoáng.","Bán nhà mặt phố Trần Hưng Đạo, quận Hoàn Kiếm, Hà Nội. Vị trí rất đẹp, lô góc, 3 mặt thoáng, 2 mặt phố, 1 mặt ngõ,  thuận lợi cho việc làm văn phòng công ty, kinh doanh thương mại, cho thuê dòng tiền cao.  
Diện tích = 169m2 x 8 tầng, mặt tiền rộng, nở hậu. 
Thiết kế xây dựng đẹp, hiện đại, móng 10 tầng, hiện xây 1 tầng hầm + 7 tầng nổi thông sàn công năng văn phòng công ty, kinh doanh thương mại.     
Nội thất, các trang thiết bị điện, điều hòa, hệ thống camera an ninh,  thang máy ngoại nhập.
Hệ thống PCCC đạt tiêu chuẩn theo quy định của Nhà nước 
Sổ đỏ chính chủ, pháp lý rõ ràng sẵn sàng giao dịch
Giá chào bán chính chủ 139 tỷ (có thương lượng với khách thiện chí)
Quý vị quan tâm vui lòng liên hệ ngay để biết thêm thông tin:
Anh  Ngô Đức Thắng      
Chuyên nhà mặt phố quận Hoàn Kiếm
Tư vấn tối ưu nhu cầu, lợi ích cho khách hàng
Hỗ trợ miễn phí các thủ tục pháp lý nhanh chóng, hiệu quả",139 tỷ,169 m2,"Đường Trần Hưng Đạo, Phường Trần Hưng Đạo, Quận Hoàn Kiếm, Hà Nội",12821105,_,True,Cần bán,30m,True,Nhà mặt tiền,---,True,6m,8,True,28m,8,---,
https://alonhadat.com.vn/ban-chung-cu-quan-cau-giay-chung-cu-dong-do-109m-3-phong-ngu-noi-that-go-cao-cap--13355007.html,"Bán chung cư quận Cầu Giấy,  chung cư Đông Đô, 109m, 3 phòng ngủ, nội thất gỗ cao cấp.","Bán chung cư quận Cầu giấy,  chung cư Đông Đô,  khu đô thị mới Nghĩa Đô, ngõ 100 đường Hoàng Quốc Việt.  Vị trí chung cư kết nối giao thông thuận tiện tới nhiều trường đại học. 
Tiện ích đầy đủ, hệ thống trung tâm thương mại,bể bơi bốn mùa, khuôn viên cây xanh, không gian vui chơi và sinh hoạt cộng đồng, khu dân trí cao, an ninh đảm bảo. 
- Căn hộ bán có diện tích 109m2 gồm có phòng 3 ngủ ( 1 phòng nghủ master cao cấp), 1 phòng khách, 1 phòng bếp, 2 phòng vệ sinh. Nội thất đẹp, hiện đại.  
Sàn gỗ cao cấp, nội thất và các thiết bị điện điều đòa, nóng lạnh chất lượng ngoại nhập 
Sổ đỏ chính chủ, sở hữu lâu dài.
Giá chào bán: 4,68tỷ
Quý vị quan tâm vui lòng liên hệ ngay để biết thêm thông tin:
Anh Ngô Đức Thắng
Chuyên chung cư quận Cầu Giấy
Tư vấn tối ưu nhu cầu, lợi ích cho khách hàng
Hỗ trợ miễn phí các thủ tục pháp lý nhanh chóng, hiệu quả","4,68 tỷ",109 m2,"100 Đường Hoàng Quốc Việt, Phường Nghĩa Đô, Quận Cầu Giấy, Hà Nội",13355007,_,True,Cần bán,15m,True,Căn hộ chung cư,Sổ hồng/ Sổ đỏ,---,6m,25,True,18m,3,---,Căn hộ chung cư Đông Đô (xem chi tiết dự án)
https://alonhadat.com.vn/ban-nha-mat-pho-quan-tay-ho-duong-vo-chi-cong-138m2-x-6-tang-thong-san-mat-tien-12m--13097996.html,"Bán nhà mặt phố quận Tây Hồ,  đường Võ Chí Công, 138m2 x 6 tầng thông sàn, mặt tiền 12m.","Bán nhà mặt phố Võ Chí Công,  quận Tây Hồ,  Hà Nội. nhà nằm ở vị trí đắc địa, 2 mặt thoáng,  kinh doanh sầm uât, thuận lợi cho việc làm văn phòng Công ty,  cho thuê.    
Diện tích mặt bằng đất trên sổ đỏ = 130m2, diện tích  xây dựng = 138m2 x 6 tầng, mặt tiền = 12m 
Thiết kế xây dựng đẹp, hiện đại, tòa nhà được xây dựng 6 tầng  thông sàn, phù hợp làm văn phòng công ty, kinh doanh thương mại. 
Nội thất, các trang thiết bị điện, điều hòa Daikin âm trần chất lượng cao cấp
Thang máy nhập khẩu châu âu
Hệ thống camera an ninh thông minh
Hệ thống PCCC đảm bảo theo quy định của Nhà nước.
Sổ đỏ chính chủ, pháp lý rõ ràng sẵn sàng giao dịch
Giá chào bán chính chủ 46 tỷ (có thương lượng với khách thiện chí)

Quý vị quan tâm vui lòng liên hệ ngay để biết thêm thông tin:
Anh  Ngô Đức Thắng    
Chuyên nhà mặt phố quận Tây Hồ và quân Cầu Giấy
Tư vấn tối ưu nhu cầu, lợi ích cho khách hàng
Hỗ trợ miễn phí các thủ tục pháp lý nhanh chóng, hiệu quả",46 tỷ,138 m2,"Đường Võ Chí Công, Phường Xuân La, Quận Tây Hồ, Hà Nội",13097996,_,True,Cần bán,20m,True,Nhà mặt tiền,---,True,12m,6,True,"11,5m",6,---,
https://alonhadat.com.vn/ban-khach-san-pho-co-ha-noi-quan-hoan-kiem-220m2-x-9-tang-dep-hien-dai-mat-tien-10m--12817066.html,"Bán khách sạn phố cổ Hà Nội, quận Hoàn Kiếm, 220m2 x 9 tầng, đẹp, hiện đại, mặt tiền 10m.","Bán khách sạn quận Hoàn Kiếm, Hà Nội. Vị trí rất đẹp,  phố cổ trung tâm, gần tuyến phố đi bộ, thuận lợi cho việc khách lưu trú thăm quan du lịch quanh khu vực Hồ Hoàn Kiếm. Dòng tiền trung bình 700 triệu /tháng.    
Diện tích = 220m2 x 9 tầng , mặt tiền = 10m. 
Thiết kế xây dựng đẹp, hiện đại, tòa khách sạn được xây dựng 8 tầng  với đầy đủ công năng đạt tiêu chuẩn của 1 khách sạn cao cấp. 
Nội thất, các trang thiết bị điện, điều hòa Daikin âm trần,  thang máy ngoại nhập.
 hệ thống camera an ninh thông minh.
Hệ thống phòng cháy chữa cháy đảm bảo theo quy định của Nhà nước.
Sổ đỏ chính chủ, pháp lý rõ ràng sẵn sàng giao dịch
Giá chào bán chính chủ 168 tỷ (có thương lượng với khách thiện chí)
Quý vị quan tâm vui lòng liên hệ ngay để biết thêm thông tin:
Anh  Ngô Đức Thắng       
Chuyên tòa nhà khách sạn quận Hoàn Kiếm
Tư vấn tối ưu nhu cầu, lợi ích cho khách hàng
Hỗ trợ miễn phí các thủ tục pháp lý nhanh chóng, hiệu quả",168 tỷ,220 m2,"Phố Mã Mây, Phường Hàng Buồm, Quận Hoàn Kiếm, Hà Nội",12817066,_,---,Cần bán,30m,---,"Nhà hàng, khách sạn",Sổ hồng/ Sổ đỏ,---,10m,9,---,22m,39,---,
